20180514187751
20180514187752
20180514187753
20180514187754
20180514187755
20180514187756
20180514187757
20180514187758
20180514187759
20180514187760
20180514187761
20180514187762
20180514187763
20180514187764
20180514187765
20180514187766
20180514187767
20180514187768
20180514187769
20180514187770
20180514187771
20180514187772
20180514187773
20180514187774
20180514187775
20180514187776
20180514187777
20180514187778
20180514187779
20180514187780
20180514187781
20180514187782
20180514187783
20180514187784
20180514187785
20180514187786
20180514187787
20180514187788
20180514187789
20180514187790
20180514187791
20180514187792
20180514187793
20180514187794
20180514187795
20180514187796
20180514187797
20180514187798
20180514187799
20180514187800
20180514187801
20180514187802
20180514187803
20180514187804
20180514187805
20180514187806
20180514187807
20180514187808
20180514187809
20180514187810
20180514187811
20180514187812
20180514187813
20180514187814
20180514187815
20180514187816
20180514187817
20180514187818
20180514187819
20180514187820
20180514187821
20180514187822
20180514187823
20180514187824
20180514187825
20180514187826
20180514187827
20180514187828
20180514187829
20180514187830
20180514187831
20180514187832
20180514187833
20180514187834
20180514187835
20180514187836
20180514187837
20180514187838
20180514187839
20180514187840
20180514187841
20180514187842
20180514187843
20180514187844
20180514187845
20180514187846
20180514187847
20180514187848
20180514187849
20180514187850